m560	16 1 17
m168	16 9 17 1
m132	9 8
m169	4
m698	9 4
m300	1 4
m960	4 13
m961	15 8
m962	9
m963	9 4 8
m964	9 4 8
m965	14 9 4
m966	9
m967	4 15 8
m968	1 17
m969	4 22
m596	5 17
m329	4 8
m1065	9 8
m131	9 16 20
m517	9
m849	9 4 8
m848	10 9 6
m847	4 8
m846	9 1 22 8
m845	10 16 11 20 9
m844	10 9 4
m1067	9 11 20
m841	4
m840	2 9 18
m160	14 16 13
m686	10 2 9 17 8
m489	2 9
m161	4 22 13
m681	9 4
m488	9 4 8
m388	9 16 14 1
m162	7 1 17
m1019	9 6
m1309	4 8
m281	16 14 1 4
m280	9
m368	9
m282	9 20
m285	9 17
m1063	9 4
m287	9 4 8
m286	2 4 17
m289	9 11 20
m164	9 4
m360	7 4 8
m1062	9 4 8
m366	2 4 17
m367	9
m364	9 4 20
m165	1 3 17
m1098	16 1 13 4
m1099	7 1 3 17
m1153	18
m1152	9 4 8
m1155	12 14 13 6
m1347	9 1
m1157	1 17
m1156	9 8
m1090	9 1
m1091	9
m1092	9 8
m1093	9
m1094	9 8
m1095	9 8
m331	9 17
m1097	9 1 17
m789	2 9 17
m1351	2 4
m1069	7 17
m1350	9 4
m146	4 8
m1068	16 7 1 4
m392	4 15 8
m218	2 7 1 9 17
m219	2 7 9 17
m216	9 4 8
m217	4 15 8
m214	9 17
m215	21 23 6
m212	2 17 8
m213	9 4
m210	9 16 11 13
m211	2 5 1
m283	4 8
m373	2 9 4
m1154	9
m1359	1
m1358	23 9 17
m39	9
m38	2 9 17
m37	14 9 8
m36	2 9 17
m35	10 9
m34	2 1 9 17
m740	9 4
m32	17
m31	5 7 17
m30	9 4
m443	4 8
m442	5 3
m441	12 3
m440	9
m447	9 16 11
m446	1 4 17
m445	14 4 15 13
m444	4 22 13
m362	9 4 22 8
m1058	9 7 17 8
m449	7 9 17
m448	1 13 4
m646	9 16 13
m1035	2 9
m1059	2 9 4
m195	5 16 1 17
m17	9
m788	9 4 8
m339	19 17 8
m54	1 17
m784	2 5 7 17
m785	2 7 17 8
m786	9 8
m787	17 1 3 8
m780	2 12 16 4
m1005	9 8
m782	5
m783	5 7 17
m542	9 4 8
m543	9
m540	19 9
m196	4 8
m546	7 17 4 8
m547	5 9 17
m544	9 16 1 3
m545	9 4
m663	5 16
m662	21
m548	1 17
m549	14 9 4 13
m667	16 18 4
m666	9
m665	12 14 16 13
m664	16 13
m1270	9 8
m1271	9 4
m1272	9 13
m1273	2 7 9 17
m1274	7 3 17
m1275	7 9 17
m1276	9 17
m1277	2 9 17
m1278	9 8
m1279	8 16 4 13
m1000	2 9 17
m812	5 7 9 11 17
m1198	2 17 7 9 8
m1076	4 15 8
m1077	1 17
m1074	4 8
m813	2 9 4 17
m1072	4 22
m143	9 4
m1070	9
m1071	2 9 17
m700	9
m1244	2 19 9
m1078	17
m1079	4 8
m816	1 17
m199	7 9 8
m703	2 19 7 9
m58	2 9 17
m803	4
m802	12 14 13 15 8
m801	9 17
m800	4 8
m807	16 1 17
m806	4 17
m711	5 7 9 17
m804	9 4 8
m1034	4 15 8
m809	7 3 17
m808	9 4 15 8
m382	9
m719	9 4
m718	12 16 13 15
m1038	9 8
m140	10 9 8
m938	2 1 4 8
m955	16 7 1 8 9 17
m709	9 8
m5	5 17
m1204	2 9 17
m1207	21 6
m1206	5 17
m1201	14 16 13 15
m1200	9 4 8
m3	9 4
m2	2 1 3 17
m1246	9
m387	2 4 17
m1209	9 1 17
m999	16 13
m423	2 4 17
m88	5 14
m89	2 16 1 4
m86	2 9 6 17
m87	9 8
m84	9 16 8
m85	4 22 8
m82	16 13 8
m83	4 6 8
m80	10 2 9
m81	9
m758	2 9 4 17
m288	2 9 8
m701	16 1 3 17
m998	4
m829	9 11
m6	10 9 22
m635	14 1 3
m937	4
m936	9 4
m935	2 9 17
m934	2 1 3
m933	14 4 8
m932	1 3 17
m931	9 4
m930	9 1 22
m819	5 9 17
m739	17
m26	21 11 22
m738	9 4
m438	4
m439	10 9 8
m383	4 13
m1075	9 8
m432	9 20
m433	9 8
m430	10 9 22
m431	23
m436	7 9 8
m437	2 17 9 8
m434	9
m435	21
m821	9 1 20
m369	16 1 17
m734	2 16 1 3 17
m762	9 18 8
m1328	2 7 9 17
m823	17
m284	3 4
m822	2 17 8
m1108	22 4 13 1 15 8 16
m1109	9 4 8
m1106	8 4 13
m638	14 4
m1104	9
m1105	9 8
m1102	4 8
m1103	9
m1100	9 4
m1101	9 16
m245	9 4 6
m244	9
m247	2 9 17
m246	2 1 17
m986	9 4
m987	7 9 18 8
m243	10 21
m985	9 8
m326	9 8
m327	14 13
m324	4
m989	9 1 17
m249	9
m248	17 7 9 8
m320	9 13 15 8
m321	2 1 4 9 17
m506	4 8
m507	16 1 13 8
m504	5 9 17
m505	1 17
m502	2 16 1 17
m503	2 9
m500	4 8
m501	9 11
m115	14 9
m114	16 1 4
m117	16 4
m116	2 17 9 8
m111	7 6 14 1 2 9 3 17
m110	21 6
m508	9 4
m509	2 4
m691	9
m330	9 17
m835	9 12 16 13 15
m365	5 7 9 17
m895	1 3 17
m158	9 1 17
m60	14 9 13
m61	21 11
m62	9 4 8
m63	9 20
m64	9 1 8
m65	5 7 4 6 8
m66	1 17
m67	2 9 4
m68	4 8
m69	9
m378	16 1
m842	10 9 11 6 8
m333	10 9
m188	5 9
m189	9 8
m991	18 8
m1107	16 13
m182	9
m183	2 9 4 8
m180	10 9 11 20
m181	5 17
m186	16 1 17
m187	4
m184	2 7 9 11
m185	2 19 7 17
m124	16 9 18 13
m608	9 4 6
m125	10 9 8
m1096	4
m612	16 1 3 17
m613	9 4 8
m610	2 5 7 17
m611	9 4 22
m616	9 22
m617	4 8
m614	14 17
m615	1 18
m753	4 8
m752	5 4 17
m618	9 1 4
m619	2 4 17
m757	2 17
m756	2 7 17
m755	2 7 17 8
m653	5 1 3 17 8
m982	4
m751	4
m122	9 18
m983	9 4
m601	9 16 20 8
m651	2 7 9
m980	7 9 17
m600	23 16 8
m1326	10 9 11 6
m252	9 22
m1324	2 9 17
m1325	14 4 22 13
m1322	1 22
m1323	9 17
m1320	9
m253	2 1 9 17
m1241	9
m1240	9 4 8
m1243	4
m1242	9
m1245	9 18 8
m250	9 4
m1247	9 4
m240	16 14 1 7 17
m251	4 8
m499	9 14 16 7
m984	7 1 17
m256	4 8
m242	9
m1159	9
m257	4
m973	9
m972	9 4 8
m971	2 4 13
m970	7
m977	10 9
m791	4 15 8
m975	9 8
m974	2 9
m979	5 7
m659	2 9
m988	14 9 13 8
m878	9 4
m879	2 5 17
m70	18 4
m55	2 1 3 9 17
m872	10 9 15
m873	2 9 17
m870	13 4
m871	16 1 17
m876	9
m877	3 4 8
m874	4 8
m323	4
m325	7 9
m559	4 8
m825	9 11
m385	2 4 8
m491	21
m278	12 14 13 15
m279	1 3
m668	9 8
m992	9 8
m274	9
m275	16 8
m276	5 14 17
m277	14 16 13
m270	4
m271	17
m272	4
m273	5 7 9 17
m1142	17
m1143	10 9 22
m1140	9
m1141	9 4
m1146	2 9
m1147	2 1 3
m1144	9
m1145	11 4 13 1 8 16
m824	4
m119	16 13
m1148	4 8
m1149	16 3 13
m118	9 8
m254	12 13 6
m57	9 4 8
m498	2 7 9 4 8
m1311	9 4 8
m717	9 4 8
m429	16 1 17
m209	9 3 17
m208	14 9 3 7 17
m1310	9 6
m1208	2 17 4 8
m827	16 18 4
m201	2 9 17
m200	9 8
m203	9 4
m202	16 1
m205	2 7 17 8
m204	9
m207	2 7 17
m206	5
m255	4
m838	4 17
m875	4 8
m716	9 16 13
m428	1 4 20
m774	9 4
m389	10 9
m826	4
m113	10 9 11 8
m380	4
m381	9
m815	9 4
m112	9 4
m384	4 8
m1250	9 1 17
m386	9 4 8
m51	5 14 1 17
m1251	14 13 4
m28	18
m29	9 4 8
m50	5 9 17
m24	9 4
m25	4
m359	2 7 9 17
m7	9
m20	9 1 4 22 13
m21	14 16 3 13
m22	1 17
m23	9 8
m375	9 16 13
m374	2 1 4 17
m377	2 16 1 4
m376	9
m127	2 17 8
m371	9 17
m478	9 4 17
m479	4 8
m476	9 4 8
m477	9 8
m474	7 17
m1330	4 8
m472	9 1 17
m473	4
m470	9 16 11 20 8
m1138	9 4
m656	9 4
m657	8 16 4 13
m126	4 8
m655	10 9 11
m120	4 7 1 8 2 16 17
m121	9
m650	2 1 4 17
m798	2 4
m358	9 22 8
m796	9 8
m795	14 9 13
m794	4 13
m793	9 4
m792	5
m658	2 9
m790	7 1 17
m494	9
m495	2 7 1 9 17
m496	9
m497	9
m490	2 1 9 17
m558	9 4
m492	16 1 8
m493	5 14 1 4 17
m555	4 8
m554	17 3 8
m557	9
m556	9 17
m551	9 4 8
m550	9 4
m553	9
m552	9 4 8
m1043	9 4 8
m1289	2 1 17
m1288	16 1 17
m713	12 14 13 15 8
m1042	9 4
m1285	7 14 9 13
m1284	9 17
m1287	9
m1286	9 4 8
m1281	5 14 9 8
m1280	14 9 8
m1283	4 8
m1282	9 1
m151	9 22 17
m150	14 16 3 7
m153	9 8
m152	9 8
m155	5 9 17
m154	4 22 13
m157	10 11 20 1 8 9
m156	8 14 9 4 13
m159	9
m1047	14 9 13 22
m1049	9 4 8
m1048	7 1 3 17
m1046	9 16 13
m1045	16 1 3 13 17
m128	5 4
m475	4 8
m939	4 8
m1050	10 1 11 20 9
m372	2 14 1 17
m722	5 3 17
m723	9 16 13 8
m720	4
m721	2 9
m726	9 4
m727	2 16 9
m724	9
m839	2 7 9 17
m48	1 4
m837	4
m728	3 4 6
m729	1 4
m832	9
m833	7 9 17
m830	9 4 20
m831	2 19 7 17 8
m880	18
m1174	5 14 4 17
m393	14 4 8
m337	9 8
m590	5 3
m680	9 1 17
m1216	9 20 8
m1217	9 16 1 8
m1214	2 1 9
m1215	9 16
m1212	17 9 3 8
m1213	9 4
m1210	16 4
m1211	9 4
m53	21
m1218	4 1 8 2 16 17
m1219	10 9 20
m1004	2 9 17
m749	4
m863	9
m949	9 4 13
m981	10 9 6
m1308	9 17
m945	9 8
m1133	4 8
m1003	4 8
m725	16 1 13 17
m908	9 4
m909	2 9
m902	9 4
m903	2 1 9 17
m900	9 4
m901	10 9
m906	2 9
m907	5 7 17
m904	2 7 4
m905	9 4
m942	9
m1039	4 8
m137	10 1 18
m1064	4 8
m1002	12 14 9 13 6
m471	12 14 16 13 8
m404	9 4
m348	4
m349	9 4 6
m344	10 9 4
m345	14 9 4 8
m346	4
m347	8 13 4
m340	9
m341	2 9 17
m342	7 9 11
m343	2 14 1
m1032	9 16 1 11 8
m1033	16 3 17
m1001	10 2 9
m1030	9 8
m1139	12 9 13 15 8
m1031	9
m379	9 7 16
m328	9 13 8
m1151	5 3
m1036	2 9 17
m1131	8 4 13
m1130	2 1 9 17
m1137	5 4 8
m1136	7 9 4
m1135	9 4 8
m1037	9 1 20
m230	2 1 9 17
m231	9 4
m232	12 13 15 4
m233	12 14 13 15 8
m234	7 17 20 8
m235	9 8
m236	9 1 17
m237	16 13 4
m995	14 4 13
m994	5 9
m997	9 7 1 17
m996	2 7 9 17
m335	4 8
m334	15 8
m993	2 1 4 13
m336	5 14 9 17
m511	10 9 11 4
m510	2 5 9 4 8
m513	2 9
m512	9 16 13
m515	9 2 1
m514	4
m1150	4
m516	7 17
m519	9 4 8
m518	2 19 7
m690	9 20
m163	14 13 4
m696	2 9 17
m697	9
m166	7 9 11 4 8
m167	9 8
m836	9 8
m52	9
m361	9 4
m370	2 4 8
m9	10 9 8
m363	2 14 1 17
m834	9 13 4
m1007	2 7 4 17
m194	9 4 8
m197	9 1 11 20
m56	5 14 4 17
m191	2 9 17
m190	9
m193	9 8
m192	10 21
m959	9 8
m695	9 8
m241	16 7 1 17
m59	5 7 14 16 3 17
m198	5 17 4 8
m1009	9 16 18 1
m1008	9 4
m425	9 1 17
m424	2 1 18 4 17
m427	4 22 13
m426	21 9
m421	9 8
m420	9 16 13
m588	2 9 17
m589	9
m586	9 14 16 13
m587	4
m584	9
m585	10 9
m582	10 9 8
m583	4 8
m580	2 7 9 17
m581	9 4 8
m766	4
m767	21 6
m764	2 16 1 9 17
m765	21
m338	16 1 3 17
m763	19 2 9
m760	9 4
m761	14 16 3 4
m768	14 16 13 15
m769	9 4 8
m564	9 6
m565	14 9 4 22 8
m566	9 1 17
m567	2 1 17
m609	16 1 3 17 8
m298	9 8
m562	9 18 1 11 8
m563	2 4 6
m605	23 4
m604	21 9
m607	9
m606	17 9 4 8
m568	9 1 8 2 16 17
m569	4 6 8
m603	9 4 8
m602	5 7 9 17
m1124	2 7 9
m27	9
m759	9 4
m1313	5 14 7 17
m1312	9 4
m1258	2 21 7
m1259	2 19 7 9 17
m1317	16 14 1
m1316	9 4
m1315	2 16 4 9 8
m1314	12 14 13 6
m1252	5 1 3 4
m1253	16 3 13
m1319	2 9
m1318	21
m1256	9 4 8
m1257	5 7
m1254	9
m1255	9
m699	2 4 17
m1300	9 8
m1089	9 4 8
m1088	16 9 4
m865	4
m864	2 7 9 17
m867	2 7 3 17
m866	9 4 8
m861	2 9 17
m860	2 1 9 17
m948	10 9 11 8
m862	2 7 9 17
m946	21 9 22
m947	9 1 20
m944	9 4
m322	10 21 6
m869	2 7 1 9 17
m943	4
m940	2 7 16 4
m941	1 4 6
m1301	9
m1134	4 22
m750	9 13
m1057	9
m1083	4 15 8
m1129	2 17 14 1 8
m620	2 1 4
m754	8 14 16 4 13
m301	10 9
m958	4 20
m269	9 16
m268	9
m267	1 17
m266	4
m265	16 14 1
m264	2 7 9 8
m263	4
m262	12 14 16 4 13
m261	9 18 8
m781	9 4 6 8
m1179	16 1 17
m1178	2 9 17
m1177	21
m1176	5 1 3 17
m1175	4
m260	2 17 1 9 8
m1173	9 4 8
m1303	5 7
m1171	9 8
m1170	9 4
m455	14 16 13 15
m669	9
m898	9 4 8
m899	9 4 8
m1132	1 17
m541	17
m1158	5 7 3 17
m890	2 9 4
m891	9 17
m892	4
m893	16 14 1
m894	2 9 17
m818	14 9 13
m896	9
m897	9 4 13
m418	2 4 17
m419	4 8
m414	4 8
m415	10 16 20 9
m416	2 9 17
m417	16 7 1 3
m410	9 4 22 8
m411	9
m412	9 8
m413	5 1 17
m11	12 1 3 16 13
m10	9 1 11
m13	2 1 9 17
m12	9
m15	2 4 17
m14	9 20
m692	4
m16	9 8
m19	21 23
m18	2 1 4 17
m391	9 17
m390	7 9 17
m397	10 21 20
m661	17
m395	9 4
m394	9 1 17
m1249	8 16 13 4
m660	2 9 17
m1327	2 9 17
m1172	10 2 9
m469	14 9 4 8
m468	2 1 7 9 17
m302	9 8
m303	16 4
m304	14 9 18
m305	16 1 18
m306	2 9 17
m307	9 8
m461	16 4 20 13 1 9
m460	12 14 13 8
m463	5 14 7 17
m462	9 4
m465	9
m464	10 9
m467	9 4 8
m466	4
m641	16 5 1 9 3 17
m640	9 4
m643	2 9 17
m642	4 6
m133	4
m644	9 8
m647	9
m130	5 17
m649	2 9
m648	9 4 8
m1321	16 4
m139	4 6
m138	9 17
m528	5 3
m529	4 13 14 1 16 3 17
m485	2 9
m484	9 4 8
m483	2 1 4 9 17
m482	2 17 4 8
m481	4
m480	14 16 13 17
m520	2 9 22
m521	3 4 8
m522	4 6 13
m523	14 9 4
m524	12 14 16 13 15
m525	8 14 16 4 13
m526	2 18 1 11 9
m527	9 8
m1357	9
m1355	9
m1354	2 7 4
m1353	4
m1352	9
m1298	9 8
m1299	4 17
m1296	9 17
m1297	9 8
m1294	16 11 20 1 9 17
m1295	4
m1292	4 8
m1293	5 9 17
m1290	9 4
m1291	4 8
m1195	4
m1194	9 3 4
m1197	9 4
m1196	2 17 1 9 8
m1191	9
m1190	1 3 17
m1193	2 9 8
m1192	2 9 4 8
m1054	7 17 8
m1055	2 9 3 17
m1056	5 17
m1329	9
m1199	11 12 13 15 8 9
m1051	4 17
m1052	2 21 9 4
m1053	4
m123	9
m634	16 1 3 17
m828	9 4 6
m636	4 14 7 8 9 17
m637	9 16 4 13
m630	3 17
m631	4 8
m632	10 21
m633	9 4
m735	2 4 13
m820	9 20 8
m737	16 1
m736	16 1 3 17
m731	9 4
m730	9 16 20
m733	1 18
m732	4 12 14 1 5 2 16 3
m797	4 8
m147	4 8
m1360	17 9 8
m144	9 11
m1223	14 1 3 4 17
m1222	7 9 4 8
m1221	9 8
m1220	14 9 4 13
m693	2 9 20
m1226	2 9 17
m1225	1 13 22 8
m1224	9 20
m142	9
m1229	13 4
m1228	9
m1073	3 4
m73	8 4 15 13
m1227	9
m145	2 4
m1341	2 4
m561	14 8 4 13
m694	16 1
m141	4 8
m71	9 4
m915	4 8
m914	2 7 17
m917	16 4 6 13
m916	12 23 13
m911	2 14 1 4 8
m910	2 1 4
m913	9 4 8
m912	14 9 13
m1344	10 21 7
m919	4
m918	2 4
m1345	4
m654	9
m858	4 8
m859	9 20 8
m854	9
m855	7 16 3
m856	14 17 4 13
m857	16 1 3 17
m850	2 4 17
m851	2 1 9 17
m852	7 3 17
m853	2 9 4
m148	4 8
m149	9 4 8
m976	11 4
m296	14 1
m297	2 4 13
m294	9 8
m295	9 4 8
m292	16 1 3 17
m293	9
m290	16 3 4
m291	1 17
m357	10 9 6
m356	16 4
m355	9 4 8
m354	2 4
m353	4 8
m352	4 8
m351	2 17 9 8
m299	9 4 15 13
m1304	4 8
m1125	4 8
m1126	9 8
m1127	14 16 13 15
m1120	9 4 8
m1121	17 9 8
m1122	9
m1123	9 4
m1087	9 11
m1086	10 1 11 20 9
m1085	9 16 1 11
m1084	4
m1128	4
m1082	2 7 9 22
m1081	9
m1080	9 4 8
m978	9 20 8
m1028	16 1 3 17
m398	2 1 9 17
m882	16 1 17
m223	18 13 4
m222	9 16 4 13
m221	4 15 8
m220	2 9 17
m227	4
m226	10 2 9 22
m225	9 8
m224	1 3
m229	2 4
m228	5
m1183	4
m179	7 1 4 17
m178	21 11
m173	2 1 4 9 17
m172	2 9 17
m171	4 13
m170	2 4
m177	9 4
m176	4
m175	9 8
m174	16 20 8
m49	2 14 9 4 8
m652	4 8
m599	14 4 8
m422	10 9 13 15
m350	14 9
m1010	16 1 3 17
m1011	2 9 17
m1012	9 4
m1022	4
m1014	12 16 13
m1015	9 4 8
m1016	9
m1017	9 1 17
m42	9
m43	1 3 17
m40	9 4
m41	5
m46	14 4 15 13
m715	4 12 13 22 16 3
m44	4
m45	4 8
m450	4 6
m451	2 9 17
m452	5 3 17
m453	2 9 4
m454	4 17
m1027	2 7 17
m456	2 21 7
m457	1 4 15
m591	3 4
m459	9 8
m593	16 14 1 3
m1026	2 9 17
m595	4 8
m594	9 8
m597	2 9
m712	9 4
m771	2 9 4
m770	8 16 1 4 13
m773	4
m772	17 1 4 8
m775	2 17 1 9 8
m805	10 9 20 8
m777	4
m776	10 9 22
m779	9 1 11 20 8
m778	14 4 22 13
m710	9 8
m47	5 3
m577	2 9 17
m576	9 4
m575	7 9 4 17
m574	4
m573	9 4 8
m572	2 7 9
m571	2 1 9 17
m570	2 1 17
m670	10 9 20 17
m671	4 13
m672	1 17
m673	9
m674	4
m675	1 3 17
m579	5 17 8
m578	9 20 8
m1267	14 9 4
m1266	9
m1265	9 2 1 4 17
m1264	4 8
m1263	9 16 13 4
m1262	9 4 13
m1261	16 13
m598	4 15
m1346	9 4 8
m1013	9 4
m1269	2 1 9 17
m1268	16 1 17
m685	2 19 17
m684	9 1 17
m687	9 4
m1066	5 14 9 17 8
m1061	16 14 1 3 17
m1060	9
m683	9 4
m682	17 9 8
m645	2 9 17
m1305	10 21
m1306	9 13
m1307	2 4
m689	16 13
m688	7 17
m1302	2 9 17
m714	4 6
m705	12 14 16 13 15
m704	9 4 8
m811	9 4 20
m706	9 16 11
m707	12 13 14 15 8 9
m814	2 9
m1006	2 5 7 9 17
m702	9 4 8
m817	2 19 9 17 8
m951	9
m950	2 14 4
m953	21
m952	18 9 11
m708	9 4 8
m954	1 17
m957	9 16
m956	9 4
m748	9 8
m592	14 17 8
m626	4 6
m33	16 4 13
m799	5 14 9 17 8
m1041	21 16 22
m99	4 22
m98	9 4 8
m258	2 1 3
m259	9
m91	2 9 17
m90	17 8
m93	9
m92	9 4 8
m95	2 9 11 8
m94	9 20
m97	9 8
m96	4 8
m1168	1 3 17
m1169	4
m1160	9 11 20
m1040	9 17
m1162	9 4 20
m1163	21 6
m1164	9 8
m1165	4
m1166	1 17
m1167	2 14 1 17
m1205	17 13 4
m928	2 9
m929	9
m4	16 1 18 8
m924	2 1 4 9 17
m925	4
m926	9 17
m927	9 20 8
m920	12 16 13
m921	2 1 3 9 17
m922	7 9 17
m923	9 8
m889	9 16 18
m888	12 16 4 6 13
m746	5 9 17
m883	13 15 8
m1	2 1 9 17
m881	9 17
m747	9 8
m887	10 16 1 18 8
m886	17 1 8
m885	7 1 20
m884	9 6
m8	4 12 13 15 8 16
m1203	9 13 8
m409	9 11
m408	21
m407	2 1 9 17
m406	2 1 17
m405	9 4 8
m1202	9 16 1
m403	4 20
m402	4 22 13
m401	2 4 17
m400	9 4
m308	1 3 17
m1018	21
m396	9 4
m309	9
m678	14 4 13
m1119	14 4 15
m1118	12 13
m679	9 18 4 8
m1115	1 4 8
m1114	2 1 9 17
m1117	1 3 17
m1116	9 12 16 13 15
m1111	4 8
m1110	9 4
m1113	9
m1112	9 8
m313	9 17
m312	4
m311	7 17 8
m310	9 18 20 8
m317	14 9 4 8
m316	9
m315	5 7 17
m314	2 9 20 17
m319	9
m318	10 9 6 8
m129	9 20 8
m102	12 14 16 13 15
m103	9
m100	16 1 17
m101	2 17
m106	9
m107	9
m104	9 1 17
m105	5 9
m108	2 7 17 8
m109	2 1 4 9 17
m135	2 8 4 17
m136	1 3 4
m1044	16 1 17
m539	21 4 6
m538	4
m1248	7 1 3 17
m533	4
m532	9 6 8
m531	9 4
m530	3 4 8
m537	9
m536	4
m535	17
m534	7 17 8
m1340	5 14 1 4 8
m72	9 4 8
m1342	4
m1343	5
m77	9 1 3
m76	14 13 4
m75	9 17
m74	9 3 17
m1348	21 6
m1349	4 8
m79	5 1 3
m78	4 20 8
m1238	9 4 8
m1029	2 7 1 9
m1187	9
m1184	2 7 9 17
m1185	5 9 17
m1182	14 9 3
m676	9
m1180	9 4
m1181	1 3 4
m1021	7 9 3 17
m1020	2 1 9 17
m1023	9
m677	10 9 8
m1025	9
m1024	9 8
m1188	14 9 4 8
m1189	2 9 4 17
m458	9 17
m134	2 9
m1161	2 9
m627	2 17
m238	9 1 17
m625	1 3 17
m624	9 4
m623	9 4 8
m622	2 7 9
m621	9 4 6
m239	9 4 8
m639	14 3 4
m741	2 9 4 17
m742	5
m743	2 9
m744	9
m745	17
m629	9 6
m628	16 14 1 3
m868	16 4 22
m487	2 5 7 17
m399	9 17
m332	2 4 17
m486	2 16 18 9
m990	7 4
m1339	9 13
m1260	9 16 13
m810	2 4
m1338	9 8
m1335	2 9
m1334	7 1 17
m1337	9 20 8
m1336	9
m1331	4
m1239	2 7 16 4 13
m1333	2 17 9 6 8
m1332	9 4
m1234	16 14 1 3 17
m1235	9 4 8
m1236	10 9 22
m1237	10 9 11 20
m1230	4 12 14 13 7 8 16
m1231	9 8
m1232	2 9 17
m1233	10 9
